image: map.pgm
resolution: 0.020000
origin: [-34.280000, -16.360000, 0.000000]
negate: 0
occupied_thresh: 0.65
free_thresh: 0.196

